k_M = 0.106596822;
i_G = 62;
m_G = 2;
g = 9.81;
r_S = 0.1;
J = 5.5e-5 * i_G^2 + 0.003 + m_G * r_S^2;

L_A = 4.873e-3;
R_A = 2.59766;

num = [1];
den = [L_A R_A];

KL_REIB = [-2.355880331, -1.758035249, -1.164902556, -0.572712341, -0.001, 0, 0.001, 0.317929177, 0.917345055, 1.514352379, 2.115653213
           -2.817237935, -2.672461474, -2.60533669, -2.484625306, -2.484625306, 0, 2.71520155, 2.71520155, 2.839991594, 2.970015498, 3.060925446];




