m_K = 1.396;
g = 9.81;
d_K = 0.07;
r_K = d_K/2;
l_S = 0.5765;
s = 0.011;
d = 0.0042;
m = m_K;
l = l_S - s + r_K;
J = m * l^2;
phi_1 = 0.7745;
phi_2 = 0.0794;