m_K = 0.0047;
d_K = 0.0695;
r_K = d_K/2;
m_S = 0.0777;
l_S = 0.5765;
s = 0.011;
d = 0.00019;
m = m_K;
g = 9.81;
phi_1 = 0.7291;
phi_2 = 0.0183;
l = l_S - s + r_K;
J = m * l^2;